D 115638
C 46
S 238607,174904 596,688 912,989 6
S 242586,157513 576,671 801,842 1
S 63464,209806 964,1047 1047,1165 4
S 211490,168086 865,978 978,1092 8
S 90942,138718 649,724 908,997 7
S 50551,156263 981,1027 1051,1101 3
S 71396,122138 831,937 942,1055 5
S 179213,112866 995,1055 1057,1092 1
S 64881,90572 682,731 957,1038 10
S 24747,49794 700,809 1003,1104 7
S 57891,175980 608,654 656,776 7
S 137083,190556 986,1046 1050,1120 6

D 206082
C 50
S 255456,132559 876,977 1000,1040 5
S 13116,188511 920,964 965,999 8
S 244623,30244 693,780 813,891 5
S 171627,22689 977,1008 1015,1079 3
S 68307,172931 656,746 754,815 2
S 216370,23146 654,712 714,763 3
S 48122,80048 794,867 882,923 7
S 176017,223016 765,877 889,922 4
S 41715,146146 621,735 765,806 6
S 223673,7450 572,668 674,713 8
S 238506,112586 696,764 935,971 1
S 242059,186514 770,850 995,1047 2
S 170308,61790 621,740 762,843 10
S 77137,54251 545,625 646,719 10
S 121144,167285 800,880 880,979 8

D 202354
C 45
S 273277,154761 582,680 710,805 10
S 58172,29877 826,903 956,1057 9
S 187118,131635 776,869 876,933 5
S 259391,255034 788,826 952,1002 3
S 110680,201831 968,1046 1072,1166 6
S 252499,136831 700,807 825,936 9
S 59011,5350 861,943 972,1052 9
S 106550,14222 800,893 893,973 5
S 64273,138903 943,1023 1029,1059 6
S 35052,177151 1015,1126 1142,1181 5
S 75678,185377 719,781 798,838 2
S 213065,193255 642,673 695,764 10
S 91413,150707 674,719 722,827 8
S 262990,280060 662,753 851,884 10

D 54866
C 40
S 122763,15139 618,661 943,1014 1
S 91340,187673 756,795 809,880 9
S 50279,209004 608,690 863,912 1
S 8796,243670 868,937 944,1046 1
S 243932,143587 697,736 766,882 1
S 251619,16197 551,591 923,958 5
S 86443,183027 987,1077 1092,1210 2
S 24777,229697 820,882 883,973 5
S 258937,228932 830,929 937,1036 3
S 19750,98722 833,869 884,948 2
S 70620,112995 907,1027 1038,1126 10
S 206061,161861 853,965 977,1090 5
S 26117,249897 953,1040 1067,1112 4

D 83765
C 47
S 224995,235711 946,1050 1072,1141 10
S 277018,144200 984,1078 1080,1145 2
S 173617,264892 782,890 895,976 9
S 238082,157113 895,1003 1031,1119 7
S 263888,175829 595,674 700,775 5
S 173166,220238 989,1023 1047,1129 1
S 155317,271404 569,659 945,1037 1
S 128723,238738 571,654 854,910 2
S 55563,282983 614,698 706,809 1
S 143841,239391 573,636 648,715 6
S 195568,63324 707,757 764,876 1
S 143170,176453 629,693 809,867 5
S 258804,10778 794,858 930,1024 3
S 177607,191726 784,827 864,932 2

D 9179
C 35
S 55978,260783 771,820 828,937 10
S 131746,274693 921,999 1026,1095 6
S 146977,239343 856,973 974,1089 5
S 126686,183855 750,811 938,1056 9
S 165354,16068 922,986 994,1039 5
S 72080,274947 744,849 867,934 8
S 81449,139979 778,811 932,1027 4
S 266245,83354 747,820 856,913 3
S 262545,179168 764,821 976,1015 7
S 156058,151331 823,904 927,972 7
S 1619,196217 761,845 874,935 2
S 22309,126737 976,1053 1063,1160 5

D 234393
C 38
S 74607,16077 853,918 928,968 2
S 168129,59241 930,980 989,1048 2
S 249890,272291 602,632 703,797 1
S 144138,133477 555,630 826,901 7
S 240237,41390 550,613 865,908 2
S 114999,233950 902,970 997,1044 3
S 250533,113662 851,969 986,1104 2
S 164949,54419 651,747 775,883 9
S 107124,241016 652,684 713,779 5
S 62545,20795 775,833 855,888 4
S 37272,130962 704,820 830,861 8
S 234411,284514 884,916 930,1003 1
S 226629,213155 891,990 990,1049 7
S 214390,36861 611,658 963,1016 9

D 212042
C 42
S 189187,97077 569,617 1014,1060 5
S 59131,150170 956,1070 1077,1155 5
S 274989,150232 645,765 775,886 4
S 208873,158337 617,654 666,739 9
S 240067,235940 1015,1134 1157,1242 6
S 177681,98527 953,1040 1063,1140 6
S 148806,260785 903,942 1016,1089 4
S 258115,262764 675,761 785,853 5
S 87544,41735 566,643 962,995 9
S 131925,253512 937,992 1013,1117 9
S 73939,39985 1004,1054 1062,1168 10
S 247653,155880 893,929 934,991 2
S 63261,228648 962,1025 1025,1065 1
S 127117,65719 941,1054 1062,1110 4

D 217601
C 44
S 79095,50372 986,1026 1054,1102 7
S 184565,157292 594,648 729,799 7
S 40120,19366 572,633 648,750 6
S 132091,265593 577,687 875,908 10
S 208369,66425 951,1065 1077,1109 4
S 93707,275781 546,618 630,737 8
S 202730,112989 656,736 762,851 7
S 67902,192365 773,869 899,976 9
S 196299,12619 649,731 933,1032 1
S 2860,226098 877,994 1015,1125 8
S 275071,198437 708,767 781,841 9
S 109964,262320 812,863 990,1077 10
S 241631,108179 799,842 862,925 8
S 215014,105317 547,621 780,900 5

D 60449
C 45
S 163098,108456 889,919 943,1059 9
S 125068,31272 684,771 1020,1133 7
S 97072,166481 912,1025 1032,1108 4
S 280991,157213 749,793 816,919 1
S 145683,216501 580,673 678,715 8
S 216050,247642 777,828 833,868 2
S 183870,229972 1016,1099 1124,1202 6
S 198368,180992 570,636 660,751 3
S 39611,267491 594,672 924,986 7
S 184962,245198 811,868 915,1006 6
S 112187,153201 795,868 891,938 1
S 20236,40113 662,698 936,1052 1